imp_mf:
 x: 1.
 y: 1.
 z: 1.

imp_bf:
 x: 300.
 y: 300.
 z: 1250.

imp_mt:
 x: 0.1
 y: 0.1
 z: 0.1

imp_bt:
 x: 10.
 y: 10.
 z: 20.

pid_pf:
 x: 0.0001
 y: 0.0001
 z: 0.0001

pid_df:
 x: 0.00001
 y: 0.00001
 z: 0.00001

pid_pt:
 x: 0.0005
 y: 0.0005
 z: 0.0005

pid_dt:
 x: 0.00001
 y: 0.00001
 z: 0.00001

impedance_force_target:
  x: 0.
  y: 0.
  z: 10.

impedance_torque_target:
  x: 0.
  y: 0.
  z: 0.

start_position:
  x1: -91.04
  x2: -87.73
  x3: -75.63
  x4: -104.72
  x5: 89.98
  x6: -4.14